# Sky View Factor Data
# Point_ID X Y Z SkyViewFactor
0 -24.1667 -24.1667 0 0.999751
1 -22.5 -24.1667 0 1
2 -20.8333 -24.1667 0 0.99958
3 -19.1667 -24.1667 0 0.999787
4 -17.5 -24.1667 0 0.99974
5 -15.8333 -24.1667 0 0.999209
6 -14.1667 -24.1667 0 0.999778
7 -12.5 -24.1667 0 0.999708
8 -10.8333 -24.1667 0 0.999895
9 -9.16667 -24.1667 0 0.999286
10 -7.5 -24.1667 0 0.999706
11 -5.83333 -24.1667 0 0.999362
12 -4.16667 -24.1667 0 0.999415
13 -2.5 -24.1667 0 0.999448
14 -0.833333 -24.1667 0 0.999065
15 0.833333 -24.1667 0 0.999243
16 2.5 -24.1667 0 0.999733
17 4.16667 -24.1667 0 0.999794
18 5.83333 -24.1667 0 0.998943
19 7.5 -24.1667 0 0.999683
20 9.16667 -24.1667 0 0.999687
21 10.8333 -24.1667 0 0.999882
22 12.5 -24.1667 0 0.998936
23 14.1667 -24.1667 0 0.999706
24 15.8333 -24.1667 0 0.999048
25 17.5 -24.1667 0 0.999764
26 19.1667 -24.1667 0 0.999811
27 20.8333 -24.1667 0 0.999577
28 22.5 -24.1667 0 0.999883
29 24.1667 -24.1667 0 0.999749
30 -24.1667 -22.5 0 0.999299
31 -22.5 -22.5 0 0.999842
32 -20.8333 -22.5 0 0.999821
33 -19.1667 -22.5 0 0.999809
34 -17.5 -22.5 0 0.999207
35 -15.8333 -22.5 0 0.999962
36 -14.1667 -22.5 0 0.999534
37 -12.5 -22.5 0 0.99939
38 -10.8333 -22.5 0 0.999759
39 -9.16667 -22.5 0 0.998169
40 -7.5 -22.5 0 0.99857
41 -5.83333 -22.5 0 0.998922
42 -4.16667 -22.5 0 0.998283
43 -2.5 -22.5 0 0.998732
44 -0.833333 -22.5 0 0.997709
45 0.833333 -22.5 0 0.999334
46 2.5 -22.5 0 0.999267
47 4.16667 -22.5 0 0.998566
48 5.83333 -22.5 0 0.999411
49 7.5 -22.5 0 0.999346
50 9.16667 -22.5 0 0.99857
51 10.8333 -22.5 0 0.999685
52 12.5 -22.5 0 0.999231
53 14.1667 -22.5 0 0.998989
54 15.8333 -22.5 0 0.998623
55 17.5 -22.5 0 0.999298
56 19.1667 -22.5 0 0.999822
57 20.8333 -22.5 0 0.999617
58 22.5 -22.5 0 0.999803
59 24.1667 -22.5 0 0.999795
60 -24.1667 -20.8333 0 0.999804
61 -22.5 -20.8333 0 0.999668
62 -20.8333 -20.8333 0 0.999868
63 -19.1667 -20.8333 0 0.999973
64 -17.5 -20.8333 0 0.999598
65 -15.8333 -20.8333 0 0.999761
66 -14.1667 -20.8333 0 0.999613
67 -12.5 -20.8333 0 0.999175
68 -10.8333 -20.8333 0 0.999862
69 -9.16667 -20.8333 0 0.999267
70 -7.5 -20.8333 0 1
71 -5.83333 -20.8333 0 0.996614
72 -4.16667 -20.8333 0 0.999374
73 -2.5 -20.8333 0 0.997452
74 -0.833333 -20.8333 0 0.997062
75 0.833333 -20.8333 0 0.99871
76 2.5 -20.8333 0 0.999686
77 4.16667 -20.8333 0 0.998175
78 5.83333 -20.8333 0 0.998541
79 7.5 -20.8333 0 0.998706
80 9.16667 -20.8333 0 0.999016
81 10.8333 -20.8333 0 0.998279
82 12.5 -20.8333 0 0.999245
83 14.1667 -20.8333 0 0.999094
84 15.8333 -20.8333 0 1
85 17.5 -20.8333 0 0.999674
86 19.1667 -20.8333 0 0.999613
87 20.8333 -20.8333 0 0.999447
88 22.5 -20.8333 0 0.999972
89 24.1667 -20.8333 0 0.999772
90 -24.1667 -19.1667 0 0.999336
91 -22.5 -19.1667 0 1
92 -20.8333 -19.1667 0 0.999594
93 -19.1667 -19.1667 0 0.999929
94 -17.5 -19.1667 0 0.999427
95 -15.8333 -19.1667 0 0.999406
96 -14.1667 -19.1667 0 0.998266
97 -12.5 -19.1667 0 0.999131
98 -10.8333 -19.1667 0 0.997891
99 -9.16667 -19.1667 0 0.998507
100 -7.5 -19.1667 0 0.99516
101 -5.83333 -19.1667 0 0.998127
102 -4.16667 -19.1667 0 0.996538
103 -2.5 -19.1667 0 0.997395
104 -0.833333 -19.1667 0 0.995083
105 0.833333 -19.1667 0 0.996899
106 2.5 -19.1667 0 0.998649
107 4.16667 -19.1667 0 0.997647
108 5.83333 -19.1667 0 0.999776
109 7.5 -19.1667 0 0.99641
110 9.16667 -19.1667 0 0.999172
111 10.8333 -19.1667 0 0.997923
112 12.5 -19.1667 0 0.998691
113 14.1667 -19.1667 0 0.99924
114 15.8333 -19.1667 0 0.998412
115 17.5 -19.1667 0 0.999292
116 19.1667 -19.1667 0 0.999377
117 20.8333 -19.1667 0 0.999203
118 22.5 -19.1667 0 0.999336
119 24.1667 -19.1667 0 0.999388
120 -24.1667 -17.5 0 0.999556
121 -22.5 -17.5 0 0.999473
122 -20.8333 -17.5 0 0.999308
123 -19.1667 -17.5 0 0.999665
124 -17.5 -17.5 0 0.999058
125 -15.8333 -17.5 0 0.998206
126 -14.1667 -17.5 0 0.9993
127 -12.5 -17.5 0 0.998433
128 -10.8333 -17.5 0 0.997345
129 -9.16667 -17.5 0 0.996439
130 -7.5 -17.5 0 0.998528
131 -5.83333 -17.5 0 0.996247
132 -4.16667 -17.5 0 0.997416
133 -2.5 -17.5 0 0.995484
134 -0.833333 -17.5 0 0.994713
135 0.833333 -17.5 0 0.996872
136 2.5 -17.5 0 0.995857
137 4.16667 -17.5 0 0.996385
138 5.83333 -17.5 0 0.997005
139 7.5 -17.5 0 0.998146
140 9.16667 -17.5 0 0.99713
141 10.8333 -17.5 0 0.998361
142 12.5 -17.5 0 0.998223
143 14.1667 -17.5 0 0.997499
144 15.8333 -17.5 0 0.998948
145 17.5 -17.5 0 0.999591
146 19.1667 -17.5 0 0.998766
147 20.8333 -17.5 0 0.999347
148 22.5 -17.5 0 0.99959
149 24.1667 -17.5 0 0.999367
150 -24.1667 -15.8333 0 0.999532
151 -22.5 -15.8333 0 0.999764
152 -20.8333 -15.8333 0 0.998593
153 -19.1667 -15.8333 0 0.998904
154 -17.5 -15.8333 0 0.998959
155 -15.8333 -15.8333 0 0.998711
156 -14.1667 -15.8333 0 0.998298
157 -12.5 -15.8333 0 0.998405
158 -10.8333 -15.8333 0 0.995682
159 -9.16667 -15.8333 0 0.995234
160 -7.5 -15.8333 0 0.994441
161 -5.83333 -15.8333 0 0.992587
162 -4.16667 -15.8333 0 0.994907
163 -2.5 -15.8333 0 0.992835
164 -0.833333 -15.8333 0 0.993148
165 0.833333 -15.8333 0 0.994973
166 2.5 -15.8333 0 0.994089
167 4.16667 -15.8333 0 0.995856
168 5.83333 -15.8333 0 0.997993
169 7.5 -15.8333 0 0.996415
170 9.16667 -15.8333 0 0.995644
171 10.8333 -15.8333 0 0.995662
172 12.5 -15.8333 0 0.998306
173 14.1667 -15.8333 0 0.997558
174 15.8333 -15.8333 0 0.999092
175 17.5 -15.8333 0 0.997893
176 19.1667 -15.8333 0 0.998529
177 20.8333 -15.8333 0 0.998501
178 22.5 -15.8333 0 0.998567
179 24.1667 -15.8333 0 0.998711
180 -24.1667 -14.1667 0 0.999805
181 -22.5 -14.1667 0 0.998797
182 -20.8333 -14.1667 0 0.999723
183 -19.1667 -14.1667 0 0.999837
184 -17.5 -14.1667 0 0.997357
185 -15.8333 -14.1667 0 0.993227
186 -14.1667 -14.1667 0 0.994793
187 -12.5 -14.1667 0 0.996485
188 -10.8333 -14.1667 0 0.990611
189 -9.16667 -14.1667 0 0.992359
190 -7.5 -14.1667 0 0.992185
191 -5.83333 -14.1667 0 0.992501
192 -4.16667 -14.1667 0 0.98772
193 -2.5 -14.1667 0 0.98748
194 -0.833333 -14.1667 0 0.990267
195 0.833333 -14.1667 0 0.994556
196 2.5 -14.1667 0 0.988817
197 4.16667 -14.1667 0 0.994004
198 5.83333 -14.1667 0 0.990451
199 7.5 -14.1667 0 0.995939
200 9.16667 -14.1667 0 0.98947
201 10.8333 -14.1667 0 0.99424
202 12.5 -14.1667 0 0.995562
203 14.1667 -14.1667 0 0.993491
204 15.8333 -14.1667 0 0.997058
205 17.5 -14.1667 0 0.997988
206 19.1667 -14.1667 0 0.998318
207 20.8333 -14.1667 0 0.999198
208 22.5 -14.1667 0 0.998578
209 24.1667 -14.1667 0 0.998349
210 -24.1667 -12.5 0 0.999428
211 -22.5 -12.5 0 0.999149
212 -20.8333 -12.5 0 0.998501
213 -19.1667 -12.5 0 0.99823
214 -17.5 -12.5 0 0.997405
215 -15.8333 -12.5 0 0.997711
216 -14.1667 -12.5 0 0.994795
217 -12.5 -12.5 0 0.991525
218 -10.8333 -12.5 0 0.992219
219 -9.16667 -12.5 0 0.987882
220 -7.5 -12.5 0 0.979927
221 -5.83333 -12.5 0 0.980487
222 -4.16667 -12.5 0 0.982676
223 -2.5 -12.5 0 0.981305
224 -0.833333 -12.5 0 0.979379
225 0.833333 -12.5 0 0.984627
226 2.5 -12.5 0 0.989561
227 4.16667 -12.5 0 0.983295
228 5.83333 -12.5 0 0.988018
229 7.5 -12.5 0 0.991487
230 9.16667 -12.5 0 0.985967
231 10.8333 -12.5 0 0.990673
232 12.5 -12.5 0 0.992649
233 14.1667 -12.5 0 0.992495
234 15.8333 -12.5 0 0.993809
235 17.5 -12.5 0 0.992999
236 19.1667 -12.5 0 0.998655
237 20.8333 -12.5 0 0.996311
238 22.5 -12.5 0 0.99851
239 24.1667 -12.5 0 0.998918
240 -24.1667 -10.8333 0 0.998436
241 -22.5 -10.8333 0 0.997996
242 -20.8333 -10.8333 0 0.998554
243 -19.1667 -10.8333 0 0.994977
244 -17.5 -10.8333 0 0.997126
245 -15.8333 -10.8333 0 0.996625
246 -14.1667 -10.8333 0 0.991141
247 -12.5 -10.8333 0 0.98293
248 -10.8333 -10.8333 0 0.984583
249 -9.16667 -10.8333 0 0.982508
250 -7.5 -10.8333 0 0.976044
251 -5.83333 -10.8333 0 0.965293
252 -4.16667 -10.8333 0 0.963307
253 -2.5 -10.8333 0 0.949969
254 -0.833333 -10.8333 0 0.974279
255 0.833333 -10.8333 0 0.975775
256 2.5 -10.8333 0 0.978802
257 4.16667 -10.8333 0 0.979543
258 5.83333 -10.8333 0 0.98256
259 7.5 -10.8333 0 0.970671
260 9.16667 -10.8333 0 0.984579
261 10.8333 -10.8333 0 0.974128
262 12.5 -10.8333 0 0.98547
263 14.1667 -10.8333 0 0.988666
264 15.8333 -10.8333 0 0.992828
265 17.5 -10.8333 0 0.990722
266 19.1667 -10.8333 0 0.996393
267 20.8333 -10.8333 0 0.997409
268 22.5 -10.8333 0 0.997077
269 24.1667 -10.8333 0 0.999251
270 -24.1667 -9.16667 0 0.998812
271 -22.5 -9.16667 0 0.99863
272 -20.8333 -9.16667 0 0.998203
273 -19.1667 -9.16667 0 0.996594
274 -17.5 -9.16667 0 0.997657
275 -15.8333 -9.16667 0 0.988582
276 -14.1667 -9.16667 0 0.990614
277 -12.5 -9.16667 0 0.977968
278 -10.8333 -9.16667 0 0.968082
279 -9.16667 -9.16667 0 0.956696
280 -7.5 -9.16667 0 0.948557
281 -5.83333 -9.16667 0 0.907474
282 -4.16667 -9.16667 0 0.92949
283 -2.5 -9.16667 0 0.951391
284 -0.833333 -9.16667 0 0.949072
285 0.833333 -9.16667 0 0.947814
286 2.5 -9.16667 0 0.952496
287 4.16667 -9.16667 0 0.956706
288 5.83333 -9.16667 0 0.970974
289 7.5 -9.16667 0 0.952998
290 9.16667 -9.16667 0 0.95293
291 10.8333 -9.16667 0 0.952153
292 12.5 -9.16667 0 0.975681
293 14.1667 -9.16667 0 0.968641
294 15.8333 -9.16667 0 0.981653
295 17.5 -9.16667 0 0.989662
296 19.1667 -9.16667 0 0.994824
297 20.8333 -9.16667 0 0.996004
298 22.5 -9.16667 0 0.998534
299 24.1667 -9.16667 0 0.998356
300 -24.1667 -7.5 0 0.999362
301 -22.5 -7.5 0 0.999346
302 -20.8333 -7.5 0 0.999139
303 -19.1667 -7.5 0 0.996241
304 -17.5 -7.5 0 0.994994
305 -15.8333 -7.5 0 0.987987
306 -14.1667 -7.5 0 0.985992
307 -12.5 -7.5 0 0.970676
308 -10.8333 -7.5 0 0.942837
309 -9.16667 -7.5 0 0.927316
310 -7.5 -7.5 0 0.908082
311 -5.83333 -7.5 0 0.896432
312 -4.16667 -7.5 0 0.873822
313 -2.5 -7.5 0 0.883214
314 -0.833333 -7.5 0 0.899387
315 0.833333 -7.5 0 0.932504
316 2.5 -7.5 0 0.939344
317 4.16667 -7.5 0 0.943242
318 5.83333 -7.5 0 0.929905
319 7.5 -7.5 0 0.905296
320 9.16667 -7.5 0 0.921249
321 10.8333 -7.5 0 0.90136
322 12.5 -7.5 0 0.931506
323 14.1667 -7.5 0 0.941663
324 15.8333 -7.5 0 0.964561
325 17.5 -7.5 0 0.972456
326 19.1667 -7.5 0 0.988177
327 20.8333 -7.5 0 0.990903
328 22.5 -7.5 0 0.994172
329 24.1667 -7.5 0 0.998392
330 -24.1667 -5.83333 0 0.997963
331 -22.5 -5.83333 0 0.996179
332 -20.8333 -5.83333 0 0.997149
333 -19.1667 -5.83333 0 0.993311
334 -17.5 -5.83333 0 0.994214
335 -15.8333 -5.83333 0 0.985088
336 -14.1667 -5.83333 0 0.966603
337 -12.5 -5.83333 0 0.942117
338 -10.8333 -5.83333 0 0.899216
339 -9.16667 -5.83333 0 0.8908
340 -7.5 -5.83333 0 0.810958
341 -5.83333 -5.83333 0 0.780143
342 -4.16667 -5.83333 0 0.763915
343 -2.5 -5.83333 0 0.739087
344 -0.833333 -5.83333 0 0.802344
345 0.833333 -5.83333 0 0.874056
346 2.5 -5.83333 0 0.894516
347 4.16667 -5.83333 0 0.896434
348 5.83333 -5.83333 0 0.872016
349 7.5 -5.83333 0 0.861239
350 9.16667 -5.83333 0 0.825248
351 10.8333 -5.83333 0 0.838799
352 12.5 -5.83333 0 0.829649
353 14.1667 -5.83333 0 0.856936
354 15.8333 -5.83333 0 0.943282
355 17.5 -5.83333 0 0.971485
356 19.1667 -5.83333 0 0.981919
357 20.8333 -5.83333 0 0.994023
358 22.5 -5.83333 0 0.997671
359 24.1667 -5.83333 0 0.997901
360 -24.1667 -4.16667 0 0.999108
361 -22.5 -4.16667 0 0.998882
362 -20.8333 -4.16667 0 0.994496
363 -19.1667 -4.16667 0 0.997708
364 -17.5 -4.16667 0 0.991716
365 -15.8333 -4.16667 0 0.984393
366 -14.1667 -4.16667 0 0.966234
367 -12.5 -4.16667 0 0.934054
368 -10.8333 -4.16667 0 0.867079
369 -9.16667 -4.16667 0 0.777543
370 -7.5 -4.16667 0 0.666451
371 -5.83333 -4.16667 0 0.567108
372 -4.16667 -4.16667 0 0.553944
373 -2.5 -4.16667 0 0.57571
374 -0.833333 -4.16667 0 0.651295
375 0.833333 -4.16667 0 0.802905
376 2.5 -4.16667 0 0.846888
377 4.16667 -4.16667 0 0.831142
378 5.83333 -4.16667 0 0.745171
379 7.5 -4.16667 0 0.663647
380 9.16667 -4.16667 0 0.666445
381 10.8333 -4.16667 0 0.645737
382 12.5 -4.16667 0 0.679744
383 14.1667 -4.16667 0 0.798684
384 15.8333 -4.16667 0 0.897146
385 17.5 -4.16667 0 0.941815
386 19.1667 -4.16667 0 0.970296
387 20.8333 -4.16667 0 0.98886
388 22.5 -4.16667 0 0.994294
389 24.1667 -4.16667 0 0.999997
390 -24.1667 -2.5 0 0.998853
391 -22.5 -2.5 0 0.998515
392 -20.8333 -2.5 0 0.996313
393 -19.1667 -2.5 0 0.995373
394 -17.5 -2.5 0 0.991757
395 -15.8333 -2.5 0 0.976189
396 -14.1667 -2.5 0 0.949994
397 -12.5 -2.5 0 0.830419
398 -10.8333 -2.5 0 0.755702
399 -9.16667 -2.5 0 0.663276
400 -7.5 -2.5 0 0
401 -5.83333 -2.5 0 0
402 -4.16667 -2.5 0 0
403 -2.5 -2.5 0 0
404 -0.833333 -2.5 0 0
405 0.833333 -2.5 0 0.558875
406 2.5 -2.5 0 0.771304
407 4.16667 -2.5 0 0.814896
408 5.83333 -2.5 0 0.656627
409 7.5 -2.5 0 0.578917
410 9.16667 -2.5 0 0.49489
411 10.8333 -2.5 0 0.552605
412 12.5 -2.5 0 0.527753
413 14.1667 -2.5 0 0.694301
414 15.8333 -2.5 0 0.854183
415 17.5 -2.5 0 0.944609
416 19.1667 -2.5 0 0.952112
417 20.8333 -2.5 0 0.98271
418 22.5 -2.5 0 0.993936
419 24.1667 -2.5 0 0.995737
420 -24.1667 -0.833333 0 0.999249
421 -22.5 -0.833333 0 0.998816
422 -20.8333 -0.833333 0 0.99827
423 -19.1667 -0.833333 0 0.99313
424 -17.5 -0.833333 0 0.993081
425 -15.8333 -0.833333 0 0.951446
426 -14.1667 -0.833333 0 0.916883
427 -12.5 -0.833333 0 0.71385
428 -10.8333 -0.833333 0 0.560313
429 -9.16667 -0.833333 0 0.392852
430 -7.5 -0.833333 0 0
431 -5.83333 -0.833333 0 0
432 -4.16667 -0.833333 0 0
433 -2.5 -0.833333 0 0
434 -0.833333 -0.833333 0 0
435 0.833333 -0.833333 0 0.560674
436 2.5 -0.833333 0 0.726332
437 4.16667 -0.833333 0 0.667148
438 5.83333 -0.833333 0 0.623945
439 7.5 -0.833333 0 0.438688
440 9.16667 -0.833333 0 0.345534
441 10.8333 -0.833333 0 0.368682
442 12.5 -0.833333 0 0.523185
443 14.1667 -0.833333 0 0.716018
444 15.8333 -0.833333 0 0.829162
445 17.5 -0.833333 0 0.908791
446 19.1667 -0.833333 0 0.95313
447 20.8333 -0.833333 0 0.982118
448 22.5 -0.833333 0 0.991325
449 24.1667 -0.833333 0 0.994774
450 -24.1667 0.833333 0 0.999865
451 -22.5 0.833333 0 0.997649
452 -20.8333 0.833333 0 0.995417
453 -19.1667 0.833333 0 0.994171
454 -17.5 0.833333 0 0.983333
455 -15.8333 0.833333 0 0.957816
456 -14.1667 0.833333 0 0.847447
457 -12.5 0.833333 0 0
458 -10.8333 0.833333 0 0
459 -9.16667 0.833333 0 0
460 -7.5 0.833333 0 0
461 -5.83333 0.833333 0 0
462 -4.16667 0.833333 0 0
463 -2.5 0.833333 0 0
464 -0.833333 0.833333 0 0
465 0.833333 0.833333 0 0.513949
466 2.5 0.833333 0 0.660762
467 4.16667 0.833333 0 0.658307
468 5.83333 0.833333 0 0.650763
469 7.5 0.833333 0 0.46737
470 9.16667 0.833333 0 0.3759
471 10.8333 0.833333 0 0.355969
472 12.5 0.833333 0 0.536781
473 14.1667 0.833333 0 0.653131
474 15.8333 0.833333 0 0.811947
475 17.5 0.833333 0 0.897944
476 19.1667 0.833333 0 0.962355
477 20.8333 0.833333 0 0.988777
478 22.5 0.833333 0 0.994328
479 24.1667 0.833333 0 0.996105
480 -24.1667 2.5 0 0.998071
481 -22.5 2.5 0 0.997259
482 -20.8333 2.5 0 0.995798
483 -19.1667 2.5 0 0.994752
484 -17.5 2.5 0 0.985088
485 -15.8333 2.5 0 0.961105
486 -14.1667 2.5 0 0.805333
487 -12.5 2.5 0 0
488 -10.8333 2.5 0 0
489 -9.16667 2.5 0 0
490 -7.5 2.5 0 0
491 -5.83333 2.5 0 0
492 -4.16667 2.5 0 0
493 -2.5 2.5 0 0
494 -0.833333 2.5 0 0
495 0.833333 2.5 0 0.588105
496 2.5 2.5 0 0.768638
497 4.16667 2.5 0 0.716829
498 5.83333 2.5 0 0.629891
499 7.5 2.5 0 0.596049
500 9.16667 2.5 0 0.45819
501 10.8333 2.5 0 0.45404
502 12.5 2.5 0 0.550961
503 14.1667 2.5 0 0.708706
504 15.8333 2.5 0 0.811708
505 17.5 2.5 0 0.922417
506 19.1667 2.5 0 0.938911
507 20.8333 2.5 0 0.993505
508 22.5 2.5 0 0.990311
509 24.1667 2.5 0 0.995304
510 -24.1667 4.16667 0 0.998846
511 -22.5 4.16667 0 0.998523
512 -20.8333 4.16667 0 0.99775
513 -19.1667 4.16667 0 0.996024
514 -17.5 4.16667 0 0.993945
515 -15.8333 4.16667 0 0.966687
516 -14.1667 4.16667 0 0.916385
517 -12.5 4.16667 0 0.64978
518 -10.8333 4.16667 0 0.541357
519 -9.16667 4.16667 0 0.525636
520 -7.5 4.16667 0 0.523802
521 -5.83333 4.16667 0 0.512292
522 -4.16667 4.16667 0 0.448981
523 -2.5 4.16667 0 0.503591
524 -0.833333 4.16667 0 0.544787
525 0.833333 4.16667 0 0.760732
526 2.5 4.16667 0 0.776566
527 4.16667 4.16667 0 0.844938
528 5.83333 4.16667 0 0.747886
529 7.5 4.16667 0 0.691694
530 9.16667 4.16667 0 0.605492
531 10.8333 4.16667 0 0.563429
532 12.5 4.16667 0 0.7485
533 14.1667 4.16667 0 0.775788
534 15.8333 4.16667 0 0.883983
535 17.5 4.16667 0 0.954
536 19.1667 4.16667 0 0.978033
537 20.8333 4.16667 0 0.987306
538 22.5 4.16667 0 0.994231
539 24.1667 4.16667 0 0.996772
540 -24.1667 5.83333 0 0.999245
541 -22.5 5.83333 0 0.998928
542 -20.8333 5.83333 0 0.995161
543 -19.1667 5.83333 0 0.992652
544 -17.5 5.83333 0 0.990925
545 -15.8333 5.83333 0 0.982726
546 -14.1667 5.83333 0 0.961485
547 -12.5 5.83333 0 0.900637
548 -10.8333 5.83333 0 0.780434
549 -9.16667 5.83333 0 0.800821
550 -7.5 5.83333 0 0.698151
551 -5.83333 5.83333 0 0.691819
552 -4.16667 5.83333 0 0.722483
553 -2.5 5.83333 0 0.699885
554 -0.833333 5.83333 0 0.766078
555 0.833333 5.83333 0 0.821472
556 2.5 5.83333 0 0.881062
557 4.16667 5.83333 0 0.889804
558 5.83333 5.83333 0 0.866298
559 7.5 5.83333 0 0.847009
560 9.16667 5.83333 0 0.806074
561 10.8333 5.83333 0 0.792181
562 12.5 5.83333 0 0.830777
563 14.1667 5.83333 0 0.895735
564 15.8333 5.83333 0 0.92235
565 17.5 5.83333 0 0.966236
566 19.1667 5.83333 0 0.976753
567 20.8333 5.83333 0 0.986427
568 22.5 5.83333 0 0.99524
569 24.1667 5.83333 0 0.993322
570 -24.1667 7.5 0 0.998134
571 -22.5 7.5 0 0.997991
572 -20.8333 7.5 0 0.998138
573 -19.1667 7.5 0 0.996673
574 -17.5 7.5 0 0.995557
575 -15.8333 7.5 0 0.984718
576 -14.1667 7.5 0 0.976213
577 -12.5 7.5 0 0.957729
578 -10.8333 7.5 0 0.916535
579 -9.16667 7.5 0 0.879208
580 -7.5 7.5 0 0.856764
581 -5.83333 7.5 0 0.862485
582 -4.16667 7.5 0 0.842858
583 -2.5 7.5 0 0.858397
584 -0.833333 7.5 0 0.82958
585 0.833333 7.5 0 0.898469
586 2.5 7.5 0 0.920139
587 4.16667 7.5 0 0.93553
588 5.83333 7.5 0 0.942472
589 7.5 7.5 0 0.926746
590 9.16667 7.5 0 0.87924
591 10.8333 7.5 0 0.906981
592 12.5 7.5 0 0.925231
593 14.1667 7.5 0 0.959549
594 15.8333 7.5 0 0.972357
595 17.5 7.5 0 0.97894
596 19.1667 7.5 0 0.988054
597 20.8333 7.5 0 0.995861
598 22.5 7.5 0 0.997132
599 24.1667 7.5 0 0.997664
600 -24.1667 9.16667 0 0.99874
601 -22.5 9.16667 0 0.998946
602 -20.8333 9.16667 0 0.997291
603 -19.1667 9.16667 0 0.995032
604 -17.5 9.16667 0 0.998547
605 -15.8333 9.16667 0 0.994332
606 -14.1667 9.16667 0 0.982353
607 -12.5 9.16667 0 0.980459
608 -10.8333 9.16667 0 0.975374
609 -9.16667 9.16667 0 0.949499
610 -7.5 9.16667 0 0.916531
611 -5.83333 9.16667 0 0.912529
612 -4.16667 9.16667 0 0.897796
613 -2.5 9.16667 0 0.901953
614 -0.833333 9.16667 0 0.940727
615 0.833333 9.16667 0 0.95807
616 2.5 9.16667 0 0.948738
617 4.16667 9.16667 0 0.96912
618 5.83333 9.16667 0 0.963299
619 7.5 9.16667 0 0.946632
620 9.16667 9.16667 0 0.949589
621 10.8333 9.16667 0 0.939914
622 12.5 9.16667 0 0.960734
623 14.1667 9.16667 0 0.973009
624 15.8333 9.16667 0 0.982147
625 17.5 9.16667 0 0.986731
626 19.1667 9.16667 0 0.994045
627 20.8333 9.16667 0 0.994189
628 22.5 9.16667 0 0.99561
629 24.1667 9.16667 0 0.999447
630 -24.1667 10.8333 0 0.999703
631 -22.5 10.8333 0 0.999135
632 -20.8333 10.8333 0 0.998513
633 -19.1667 10.8333 0 0.997905
634 -17.5 10.8333 0 0.995484
635 -15.8333 10.8333 0 0.994414
636 -14.1667 10.8333 0 0.989454
637 -12.5 10.8333 0 0.988235
638 -10.8333 10.8333 0 0.986263
639 -9.16667 10.8333 0 0.979136
640 -7.5 10.8333 0 0.959077
641 -5.83333 10.8333 0 0.967571
642 -4.16667 10.8333 0 0.948598
643 -2.5 10.8333 0 0.966243
644 -0.833333 10.8333 0 0.971254
645 0.833333 10.8333 0 0.971423
646 2.5 10.8333 0 0.983677
647 4.16667 10.8333 0 0.976159
648 5.83333 10.8333 0 0.974925
649 7.5 10.8333 0 0.986713
650 9.16667 10.8333 0 0.979744
651 10.8333 10.8333 0 0.985145
652 12.5 10.8333 0 0.984938
653 14.1667 10.8333 0 0.99612
654 15.8333 10.8333 0 0.991103
655 17.5 10.8333 0 0.990787
656 19.1667 10.8333 0 0.994875
657 20.8333 10.8333 0 0.995767
658 22.5 10.8333 0 0.998312
659 24.1667 10.8333 0 0.999108
660 -24.1667 12.5 0 0.999429
661 -22.5 12.5 0 0.99905
662 -20.8333 12.5 0 0.998409
663 -19.1667 12.5 0 0.999211
664 -17.5 12.5 0 0.99478
665 -15.8333 12.5 0 0.994806
666 -14.1667 12.5 0 0.9965
667 -12.5 12.5 0 0.991157
668 -10.8333 12.5 0 0.99125
669 -9.16667 12.5 0 0.986254
670 -7.5 12.5 0 0.986229
671 -5.83333 12.5 0 0.982606
672 -4.16667 12.5 0 0.990631
673 -2.5 12.5 0 0.973438
674 -0.833333 12.5 0 0.977047
675 0.833333 12.5 0 0.975728
676 2.5 12.5 0 0.987742
677 4.16667 12.5 0 0.990801
678 5.83333 12.5 0 0.984894
679 7.5 12.5 0 0.986552
680 9.16667 12.5 0 0.99183
681 10.8333 12.5 0 0.990729
682 12.5 12.5 0 0.990458
683 14.1667 12.5 0 0.99022
684 15.8333 12.5 0 0.995952
685 17.5 12.5 0 0.995882
686 19.1667 12.5 0 0.99593
687 20.8333 12.5 0 0.998085
688 22.5 12.5 0 0.999015
689 24.1667 12.5 0 0.999275
690 -24.1667 14.1667 0 0.999415
691 -22.5 14.1667 0 0.999857
692 -20.8333 14.1667 0 0.99836
693 -19.1667 14.1667 0 0.998291
694 -17.5 14.1667 0 0.998531
695 -15.8333 14.1667 0 0.996498
696 -14.1667 14.1667 0 0.99412
697 -12.5 14.1667 0 0.993498
698 -10.8333 14.1667 0 0.994448
699 -9.16667 14.1667 0 0.995593
700 -7.5 14.1667 0 0.986638
701 -5.83333 14.1667 0 0.989357
702 -4.16667 14.1667 0 0.984901
703 -2.5 14.1667 0 0.988586
704 -0.833333 14.1667 0 0.989804
705 0.833333 14.1667 0 0.990002
706 2.5 14.1667 0 0.993873
707 4.16667 14.1667 0 0.988813
708 5.83333 14.1667 0 0.989151
709 7.5 14.1667 0 0.988669
710 9.16667 14.1667 0 0.996181
711 10.8333 14.1667 0 0.99685
712 12.5 14.1667 0 0.995478
713 14.1667 14.1667 0 0.996941
714 15.8333 14.1667 0 0.994587
715 17.5 14.1667 0 0.998665
716 19.1667 14.1667 0 0.99748
717 20.8333 14.1667 0 0.997603
718 22.5 14.1667 0 0.999001
719 24.1667 14.1667 0 0.999908
720 -24.1667 15.8333 0 0.999835
721 -22.5 15.8333 0 0.999894
722 -20.8333 15.8333 0 0.999056
723 -19.1667 15.8333 0 0.998543
724 -17.5 15.8333 0 0.996835
725 -15.8333 15.8333 0 0.998508
726 -14.1667 15.8333 0 0.997006
727 -12.5 15.8333 0 0.996636
728 -10.8333 15.8333 0 0.997138
729 -9.16667 15.8333 0 0.995522
730 -7.5 15.8333 0 0.996453
731 -5.83333 15.8333 0 0.998931
732 -4.16667 15.8333 0 0.9942
733 -2.5 15.8333 0 0.996692
734 -0.833333 15.8333 0 0.992925
735 0.833333 15.8333 0 0.997421
736 2.5 15.8333 0 0.997753
737 4.16667 15.8333 0 0.995353
738 5.83333 15.8333 0 0.995538
739 7.5 15.8333 0 0.995602
740 9.16667 15.8333 0 0.997213
741 10.8333 15.8333 0 0.996773
742 12.5 15.8333 0 0.997153
743 14.1667 15.8333 0 0.999695
744 15.8333 15.8333 0 0.998162
745 17.5 15.8333 0 0.997006
746 19.1667 15.8333 0 0.99872
747 20.8333 15.8333 0 0.998956
748 22.5 15.8333 0 0.998931
749 24.1667 15.8333 0 0.998789
750 -24.1667 17.5 0 0.999948
751 -22.5 17.5 0 0.999554
752 -20.8333 17.5 0 0.999862
753 -19.1667 17.5 0 0.998847
754 -17.5 17.5 0 0.998102
755 -15.8333 17.5 0 0.996364
756 -14.1667 17.5 0 0.997814
757 -12.5 17.5 0 0.998227
758 -10.8333 17.5 0 0.996228
759 -9.16667 17.5 0 0.997233
760 -7.5 17.5 0 0.997442
761 -5.83333 17.5 0 0.993522
762 -4.16667 17.5 0 0.997803
763 -2.5 17.5 0 0.998337
764 -0.833333 17.5 0 0.997039
765 0.833333 17.5 0 0.996144
766 2.5 17.5 0 0.997584
767 4.16667 17.5 0 0.99971
768 5.83333 17.5 0 0.997476
769 7.5 17.5 0 0.99589
770 9.16667 17.5 0 0.994725
771 10.8333 17.5 0 0.997553
772 12.5 17.5 0 0.999257
773 14.1667 17.5 0 0.998912
774 15.8333 17.5 0 0.997391
775 17.5 17.5 0 0.998511
776 19.1667 17.5 0 0.998449
777 20.8333 17.5 0 0.99924
778 22.5 17.5 0 0.998448
779 24.1667 17.5 0 0.999151
780 -24.1667 19.1667 0 0.999824
781 -22.5 19.1667 0 0.999773
782 -20.8333 19.1667 0 0.999906
783 -19.1667 19.1667 0 0.998766
784 -17.5 19.1667 0 0.99952
785 -15.8333 19.1667 0 0.999346
786 -14.1667 19.1667 0 0.997689
787 -12.5 19.1667 0 0.998226
788 -10.8333 19.1667 0 0.997636
789 -9.16667 19.1667 0 0.996715
790 -7.5 19.1667 0 0.998148
791 -5.83333 19.1667 0 0.998445
792 -4.16667 19.1667 0 0.996086
793 -2.5 19.1667 0 0.997833
794 -0.833333 19.1667 0 0.997925
795 0.833333 19.1667 0 0.996579
796 2.5 19.1667 0 0.996832
797 4.16667 19.1667 0 0.998254
798 5.83333 19.1667 0 0.997567
799 7.5 19.1667 0 0.998805
800 9.16667 19.1667 0 0.998272
801 10.8333 19.1667 0 0.999628
802 12.5 19.1667 0 0.996947
803 14.1667 19.1667 0 0.999352
804 15.8333 19.1667 0 0.998444
805 17.5 19.1667 0 0.999383
806 19.1667 19.1667 0 0.999446
807 20.8333 19.1667 0 0.999481
808 22.5 19.1667 0 0.998928
809 24.1667 19.1667 0 0.999775
810 -24.1667 20.8333 0 0.999932
811 -22.5 20.8333 0 0.999881
812 -20.8333 20.8333 0 0.999548
813 -19.1667 20.8333 0 0.999288
814 -17.5 20.8333 0 0.998827
815 -15.8333 20.8333 0 0.999573
816 -14.1667 20.8333 0 0.999816
817 -12.5 20.8333 0 0.999536
818 -10.8333 20.8333 0 0.998392
819 -9.16667 20.8333 0 0.998966
820 -7.5 20.8333 0 0.999258
821 -5.83333 20.8333 0 0.999048
822 -4.16667 20.8333 0 0.998585
823 -2.5 20.8333 0 0.997853
824 -0.833333 20.8333 0 0.998567
825 0.833333 20.8333 0 0.997941
826 2.5 20.8333 0 0.998638
827 4.16667 20.8333 0 0.997746
828 5.83333 20.8333 0 0.998459
829 7.5 20.8333 0 0.998248
830 9.16667 20.8333 0 0.998055
831 10.8333 20.8333 0 0.998772
832 12.5 20.8333 0 0.999226
833 14.1667 20.8333 0 0.998124
834 15.8333 20.8333 0 0.998063
835 17.5 20.8333 0 0.999352
836 19.1667 20.8333 0 0.999494
837 20.8333 20.8333 0 0.999676
838 22.5 20.8333 0 1
839 24.1667 20.8333 0 0.999646
840 -24.1667 22.5 0 1
841 -22.5 22.5 0 0.999659
842 -20.8333 22.5 0 0.999507
843 -19.1667 22.5 0 0.999351
844 -17.5 22.5 0 0.999527
845 -15.8333 22.5 0 0.99991
846 -14.1667 22.5 0 0.99885
847 -12.5 22.5 0 0.999912
848 -10.8333 22.5 0 0.99836
849 -9.16667 22.5 0 0.999188
850 -7.5 22.5 0 0.998726
851 -5.83333 22.5 0 0.998037
852 -4.16667 22.5 0 0.999113
853 -2.5 22.5 0 0.999461
854 -0.833333 22.5 0 0.999187
855 0.833333 22.5 0 0.999137
856 2.5 22.5 0 0.999142
857 4.16667 22.5 0 0.998578
858 5.83333 22.5 0 0.999258
859 7.5 22.5 0 0.998948
860 9.16667 22.5 0 0.998975
861 10.8333 22.5 0 0.999009
862 12.5 22.5 0 0.999
863 14.1667 22.5 0 0.999277
864 15.8333 22.5 0 0.999069
865 17.5 22.5 0 0.999665
866 19.1667 22.5 0 0.999848
867 20.8333 22.5 0 0.999716
868 22.5 22.5 0 0.999965
869 24.1667 22.5 0 0.999357
870 -24.1667 24.1667 0 1
871 -22.5 24.1667 0 1
872 -20.8333 24.1667 0 0.999951
873 -19.1667 24.1667 0 0.999334
874 -17.5 24.1667 0 0.999657
875 -15.8333 24.1667 0 0.999819
876 -14.1667 24.1667 0 0.999812
877 -12.5 24.1667 0 0.99931
878 -10.8333 24.1667 0 0.998852
879 -9.16667 24.1667 0 0.9978
880 -7.5 24.1667 0 0.9994
881 -5.83333 24.1667 0 0.999551
882 -4.16667 24.1667 0 0.999497
883 -2.5 24.1667 0 0.998433
884 -0.833333 24.1667 0 0.999895
885 0.833333 24.1667 0 0.998204
886 2.5 24.1667 0 0.999544
887 4.16667 24.1667 0 0.99902
888 5.83333 24.1667 0 0.999152
889 7.5 24.1667 0 0.999227
890 9.16667 24.1667 0 0.999293
891 10.8333 24.1667 0 0.999907
892 12.5 24.1667 0 0.998785
893 14.1667 24.1667 0 0.999818
894 15.8333 24.1667 0 0.999862
895 17.5 24.1667 0 0.999455
896 19.1667 24.1667 0 0.999018
897 20.8333 24.1667 0 0.999312
898 22.5 24.1667 0 0.999854
899 24.1667 24.1667 0 0.999942
